 00 00 00 00 00 00 00 00 00 00 00 00 00 RR RR 00 00 00 00 00 00 00 00 00 00 00 00 00 00 00 
 00 00 00 00 00 00 00 00 00 00 00 00 00 RR RR 00 00 00 00 00 00 00 T1 TH TH TH D1 D2 00 00 
 00 00 00 00 00 00 00 00 00 00 00 00 00 RR RR 00 00 00 00 00 00 00 TV 00 00 00 D3 D4 00 00 
 00 00 00 00 00 00 00 00 00 00 00 00 00 RR RR 00 00 00 00 00 00 00 T4 T2 00 00 00 00 00 00 
 00 00 00 00 00 00 00 00 00 00 00 00 00 RR RR 00 00 00 00 00 00 00 00 TV 00 00 00 00 00 00 
 00 00 00 00 00 00 B1 B2 00 00 00 00 00 RR RR 00 00 00 00 00 00 00 00 T4 TH TH TH TH T2 00 
 00 00 00 00 00 T1 B3 B4 TH TH TH TH TH IH IH TH TH TH TH T2 00 00 00 00 00 00 00 00 TV 00 
 00 00 00 00 00 TV 00 00 00 00 00 00 00 RR RR 00 00 00 00 TV 00 00 00 00 00 00 00 00 TV 00
 00 00 00 00 00 TV 00 00 00 00 00 00 00 RR RR 00 00 00 00 TV 00 00 00 00 00 00 00 00 TV 00
 00 00 00 00 00 TV 00 00 00 00 00 00 00 RR RR 00 00 00 00 TV 00 00 00 00 00 00 T1 TH T3 00
 00 00 00 00 00 TV 00 00 00 00 00 00 00 RR RR 00 00 00 00 TV 00 00 00 00 00 00 TV 00 00 00
 00 00 00 00 00 TV 00 00 00 00 00 00 00 RR RR 00 00 00 00 TV 00 00 00 00 00 00 TV 00 00 00
 00 00 00 00 00 TV 00 00 00 00 00 00 00 RR RR 00 00 00 00 C1 C2 TH TH TH TH TH T3 00 00 00
 00 00 00 00 00 TV 00 00 00 00 00 00 00 RR RR 00 00 00 00 C3 C4 00 00 00 00 00 00 00 00 00
 00 00 00 00 00 TV 00 00 00 00 00 00 00 RR RR 00 00 00 00 00 TV 00 00 00 00 00 00 00 00 00
 00 00 00 00 00 TV 00 00 00 00 00 00 00 RR RR 00 00 00 00 00 TV 00 00 00 00 00 00 00 00 00
 00 00 T1 TH TH T3 00 00 00 00 00 00 00 RR RR 00 00 00 00 00 TV 00 00 00 00 00 00 00 00 00
 00 00 TV 00 00 00 00 00 00 00 00 00 00 RR RR 00 00 00 00 00 TV 00 00 00 00 00 00 00 00 00 
 00 00 TV 00 00 00 00 00 00 00 00 00 00 RR RR 00 00 00 00 00 T4 TH TH TH TH TH T2 00 00 00 
 00 00 TV 00 00 00 00 00 00 00 00 00 00 RR RR 00 00 00 00 00 00 00 00 00 00 00 TV 00 00 00 
 RR RR IV RR RR RR RR RR RR 00 00 00 00 RR RR 00 00 00 00 00 00 RR RR RR RR RR IV RR RR RR 
 RR RR IV RR RR RR RR RR RR 00 00 00 00 RR RR 00 00 00 00 00 00 RR RR RR RR RR IV RR RR RR 
 00 00 TV 00 00 00 00 RR RR 00 00 00 00 RR RR 00 00 00 00 00 00 RR RR 00 00 00 TV 00 00 00 
 00 00 TV 00 00 00 00 RR RR 00 00 00 00 RR RR 00 00 00 00 00 00 RR RR 00 00 00 TV 00 00 00 
 00 00 TV 00 00 00 00 RR RR 00 00 00 00 RR RR 00 00 00 00 00 00 RR RR 00 00 00 TV 00 00 00 
 00 00 TV 00 00 00 00 RR RR 00 00 00 00 RR RR 00 00 00 00 00 00 RR RR 00 00 E1 E2 00 00 00 
 00 00 TV 00 00 00 00 RR RR 00 00 00 00 RR RR 00 00 00 00 00 00 RR RR 00 00 E3 E4 TH TH TH 
 00 A1 A2 00 00 00 00 RR RR 00 00 00 00 RR RR 00 00 00 00 00 00 RR RR 00 00 00 00 00 00 00 
 00 A3 A4 00 00 00 00 RR RR 00 00 00 00 RR RR 00 00 00 00 00 00 RR RR 00 00 00 00 00 00 00 
 00 00 TV 00 00 00 00 RR RR 00 00 00 00 RR RR 00 00 00 00 00 00 RR RR 00 00 00 00 00 00 00 